name,restaurant_name,identifier,calories,price_usd
CURBSIDE (ADD TO CART FOR CURBSIDE PICKUP) - REGULAR,PATRICK'S HAWAIIAN CAFE,"CHOWNOW, VANCOUVER, WA",,0.00
CATERING # OF PEOPLE - REGULAR,PATRICK'S HAWAIIAN CAFE,"CHOWNOW, VANCOUVER, WA",,0.00
HEART HEALTHY OMELETTE - REGULAR,PATRICK'S HAWAIIAN CAFE,"CHOWNOW, VANCOUVER, WA",,13.29
PASTA PRIMAVERA - REGULAR,PATRICK'S HAWAIIAN CAFE,"CHOWNOW, VANCOUVER, WA",,14.99
THREE GLUTEN FREE PANCAKES - REGULAR,PATRICK'S HAWAIIAN CAFE,"CHOWNOW, VANCOUVER, WA",,14.29
VEGAN BEYOND BURGER - REGULAR,PATRICK'S HAWAIIAN CAFE,"CHOWNOW, VANCOUVER, WA",,13.99
"GLUTEN FRIENDLY CHICKEN, SALMON OR FLAT IRON STEAK - REGULAR",PATRICK'S HAWAIIAN CAFE,"CHOWNOW, VANCOUVER, WA",,18.99
SPINACH SALAD - REGULAR,PATRICK'S HAWAIIAN CAFE,"CHOWNOW, VANCOUVER, WA",,13.99
THREE EGG BREAKFAST - REGULAR,PATRICK'S HAWAIIAN CAFE,"CHOWNOW, VANCOUVER, WA",,12.99
COUNTRY FRIED STEAK & EGGS - REGULAR,PATRICK'S HAWAIIAN CAFE,"CHOWNOW, VANCOUVER, WA",,13.99
HASH & EGGS - REGULAR,PATRICK'S HAWAIIAN CAFE,"CHOWNOW, VANCOUVER, WA",,13.59
EGGS FLORENTINE - REGULAR,PATRICK'S HAWAIIAN CAFE,"CHOWNOW, VANCOUVER, WA",,13.29
EGGS BENEDICT - REGULAR,PATRICK'S HAWAIIAN CAFE,"CHOWNOW, VANCOUVER, WA",,13.39
CERTIFIED ANGUS BEEF FLAT IRON STEAK & EGGS - REGULAR,PATRICK'S HAWAIIAN CAFE,"CHOWNOW, VANCOUVER, WA",,16.99
BUILD YOUR OWN OMELETTE - REGULAR,PATRICK'S HAWAIIAN CAFE,"CHOWNOW, VANCOUVER, WA",,13.29
MEDITERRANEAN OMELETTE - REGULAR,PATRICK'S HAWAIIAN CAFE,"CHOWNOW, VANCOUVER, WA",,12.99
PACIFIC OMELETTE - REGULAR,PATRICK'S HAWAIIAN CAFE,"CHOWNOW, VANCOUVER, WA",,13.29
BACON & AVOCADO OMELETTE - REGULAR,PATRICK'S HAWAIIAN CAFE,"CHOWNOW, VANCOUVER, WA",,13.59
VEGETABLE OMELETTE - REGULAR,PATRICK'S HAWAIIAN CAFE,"CHOWNOW, VANCOUVER, WA",,12.99
CINNAMON RAISIN FRENCH TOAST - REGULAR,PATRICK'S HAWAIIAN CAFE,"CHOWNOW, VANCOUVER, WA",,10.99
GRIDDLE COMBO - REGULAR,PATRICK'S HAWAIIAN CAFE,"CHOWNOW, VANCOUVER, WA",,10.99
OLD FASHIONED BUTTERMILK PANCAKES - SHORT STACK (2 PCS),PATRICK'S HAWAIIAN CAFE,"CHOWNOW, VANCOUVER, WA",,5.99
OLD FASHIONED BUTTERMILK PANCAKES - REGULAR STACK (4 PCS),PATRICK'S HAWAIIAN CAFE,"CHOWNOW, VANCOUVER, WA",,8.99
BELGIAN WAFFLE BONANZA - REGULAR,PATRICK'S HAWAIIAN CAFE,"CHOWNOW, VANCOUVER, WA",,12.99
CHICKEN & WAFFLE - REGULAR,PATRICK'S HAWAIIAN CAFE,"CHOWNOW, VANCOUVER, WA",,13.99
PIGS IN A BLANKET (3) - REGULAR,PATRICK'S HAWAIIAN CAFE,"CHOWNOW, VANCOUVER, WA",,9.99
LULU'S CREPES (2) - REGULAR,PATRICK'S HAWAIIAN CAFE,"CHOWNOW, VANCOUVER, WA",,8.99
PANCAKE COMBO - REGULAR,PATRICK'S HAWAIIAN CAFE,"CHOWNOW, VANCOUVER, WA",,12.99
BEAR'S BREAKFAST - REGULAR,PATRICK'S HAWAIIAN CAFE,"CHOWNOW, VANCOUVER, WA",,13.99
BELGIAN WAFFLE - REGULAR,PATRICK'S HAWAIIAN CAFE,"CHOWNOW, VANCOUVER, WA",,9.99
JUICES - REGULAR,PATRICK'S HAWAIIAN CAFE,"CHOWNOW, VANCOUVER, WA",,4.29
GLUTEN FREE PANCAKES - REGULAR,PATRICK'S HAWAIIAN CAFE,"CHOWNOW, VANCOUVER, WA",,13.99
OATMEAL - REGULAR,PATRICK'S HAWAIIAN CAFE,"CHOWNOW, VANCOUVER, WA",,5.99
FRESH FRUIT PLATE - REGULAR,PATRICK'S HAWAIIAN CAFE,"CHOWNOW, VANCOUVER, WA",,6.99
BAGEL & CREAM CHEESE - REGULAR,PATRICK'S HAWAIIAN CAFE,"CHOWNOW, VANCOUVER, WA",,3.99
BISCUITS & COUNTRY GRAVY - REGULAR,PATRICK'S HAWAIIAN CAFE,"CHOWNOW, VANCOUVER, WA",,4.99
TOAST - REGULAR,PATRICK'S HAWAIIAN CAFE,"CHOWNOW, VANCOUVER, WA",,2.99
SIDE OF MEAT - REGULAR,PATRICK'S HAWAIIAN CAFE,"CHOWNOW, VANCOUVER, WA",,3.99
LULU'S NACHOS SURPREME - REGULAR,PATRICK'S HAWAIIAN CAFE,"CHOWNOW, VANCOUVER, WA",,9.99
MOZZARELLA STICKS - REGULAR,PATRICK'S HAWAIIAN CAFE,"CHOWNOW, VANCOUVER, WA",,9.99
HAND BATTERED ZUCCHINI - REGULAR,PATRICK'S HAWAIIAN CAFE,"CHOWNOW, VANCOUVER, WA",,9.99
POTATO SKIN BOATS - REGULAR,PATRICK'S HAWAIIAN CAFE,"CHOWNOW, VANCOUVER, WA",,9.99
BUFFALO CHICKEN WINGS - REGULAR,PATRICK'S HAWAIIAN CAFE,"CHOWNOW, VANCOUVER, WA",,11.99
CHICKEN TENDERS - REGULAR,PATRICK'S HAWAIIAN CAFE,"CHOWNOW, VANCOUVER, WA",,9.99
CAJUN CHICKEN TENDERS - REGULAR,PATRICK'S HAWAIIAN CAFE,"CHOWNOW, VANCOUVER, WA",,9.99
CHILI CHEESE FRIES - REGULAR,PATRICK'S HAWAIIAN CAFE,"CHOWNOW, VANCOUVER, WA",,7.99
BEER BATTERED ONION RINGS - REGULAR,PATRICK'S HAWAIIAN CAFE,"CHOWNOW, VANCOUVER, WA",,9.99
LULU'S SAMPLER PLATTER - REGULAR,PATRICK'S HAWAIIAN CAFE,"CHOWNOW, VANCOUVER, WA",,14.99
HOUSE CHILI - REGULAR,PATRICK'S HAWAIIAN CAFE,"CHOWNOW, VANCOUVER, WA",,7.99
SIGNATURE BAKED FRENCH ONION SOUP - REGULAR,PATRICK'S HAWAIIAN CAFE,"CHOWNOW, VANCOUVER, WA",,6.99
CHEF'S SOUP OF THE DAY - REGULAR,PATRICK'S HAWAIIAN CAFE,"CHOWNOW, VANCOUVER, WA",,6.99
ITALIAN CHOP SALAD - REGULAR,PATRICK'S HAWAIIAN CAFE,"CHOWNOW, VANCOUVER, WA",,12.99
COBB SALAD - REGULAR,PATRICK'S HAWAIIAN CAFE,"CHOWNOW, VANCOUVER, WA",,12.99
CHICKEN CAESAR SALAD - REGULAR,PATRICK'S HAWAIIAN CAFE,"CHOWNOW, VANCOUVER, WA",,12.99
BBQ CHICKEN SALAD - REGULAR,PATRICK'S HAWAIIAN CAFE,"CHOWNOW, VANCOUVER, WA",,12.99
SOUTHWEST CHICKEN SALAD - REGULAR,PATRICK'S HAWAIIAN CAFE,"CHOWNOW, VANCOUVER, WA",,13.79
ASIAN CHICKEN SALAD - REGULAR,PATRICK'S HAWAIIAN CAFE,"CHOWNOW, VANCOUVER, WA",,13.29
CHICKEN SPINACH SALAD - REGULAR,PATRICK'S HAWAIIAN CAFE,"CHOWNOW, VANCOUVER, WA",,13.99
GREEK SALAD - REGULAR,PATRICK'S HAWAIIAN CAFE,"CHOWNOW, VANCOUVER, WA",,12.59
SOUP & SALAD - REGULAR,PATRICK'S HAWAIIAN CAFE,"CHOWNOW, VANCOUVER, WA",,12.99
LULU'S TOSSED SALAD - REGULAR,PATRICK'S HAWAIIAN CAFE,"CHOWNOW, VANCOUVER, WA",,8.99
MONTE CRISTO SANDWICH - REGULAR,PATRICK'S HAWAIIAN CAFE,"CHOWNOW, VANCOUVER, WA",,13.59
TURKEY AVOCADO SUPREME SANDWICH - REGULAR,PATRICK'S HAWAIIAN CAFE,"CHOWNOW, VANCOUVER, WA",,13.29
THE CLUBHOUSE SANDWICH - REGULAR,PATRICK'S HAWAIIAN CAFE,"CHOWNOW, VANCOUVER, WA",,13.29
HOT TURKEY SANDWICH - REGULAR,PATRICK'S HAWAIIAN CAFE,"CHOWNOW, VANCOUVER, WA",,12.99
COLD TURKEY SANDWICH - REGULAR,PATRICK'S HAWAIIAN CAFE,"CHOWNOW, VANCOUVER, WA",,12.99
COWBOY SIZED TRI TIP SANDWICH - REGULAR,PATRICK'S HAWAIIAN CAFE,"CHOWNOW, VANCOUVER, WA",,15.99
BBQ PULLED PORK SANDWICH - REGULAR,PATRICK'S HAWAIIAN CAFE,"CHOWNOW, VANCOUVER, WA",,14.29
AVOCADO BLT SANDWICH - REGULAR,PATRICK'S HAWAIIAN CAFE,"CHOWNOW, VANCOUVER, WA",,12.99
TUNA MELT DELIGHT SANDWICH - REGULAR,PATRICK'S HAWAIIAN CAFE,"CHOWNOW, VANCOUVER, WA",,12.99
SOUTHWEST CHIPOTLE WRAP - REGULAR,PATRICK'S HAWAIIAN CAFE,"CHOWNOW, VANCOUVER, WA",,13.29
BUFFALO CHICKEN WRAP - REGULAR,PATRICK'S HAWAIIAN CAFE,"CHOWNOW, VANCOUVER, WA",,12.99
CHICKEN CLUB WRAP - REGULAR,PATRICK'S HAWAIIAN CAFE,"CHOWNOW, VANCOUVER, WA",,12.99
BBQ BRISKET SANDWICH - REGULAR,PATRICK'S HAWAIIAN CAFE,"CHOWNOW, VANCOUVER, WA",,15.99
SPICY CHICKEN SANDWICH - REGULAR,PATRICK'S HAWAIIAN CAFE,"CHOWNOW, VANCOUVER, WA",,13.49
TUNA SALAD SANDWICH - REGULAR,PATRICK'S HAWAIIAN CAFE,"CHOWNOW, VANCOUVER, WA",,12.29
LULU'S CHEESEBURGER - REGULAR,PATRICK'S HAWAIIAN CAFE,"CHOWNOW, VANCOUVER, WA",,12.59
RANCH BURGER - REGULAR,PATRICK'S HAWAIIAN CAFE,"CHOWNOW, VANCOUVER, WA",,13.29
CHICKEN AVOCADO DELIGHT - REGULAR,PATRICK'S HAWAIIAN CAFE,"CHOWNOW, VANCOUVER, WA",,12.99
PATTY MELT - REGULAR,PATRICK'S HAWAIIAN CAFE,"CHOWNOW, VANCOUVER, WA",,12.99
CHILI-CHEESEBURGER - REGULAR,PATRICK'S HAWAIIAN CAFE,"CHOWNOW, VANCOUVER, WA",,13.99
LOUISIANA MELT - REGULAR,PATRICK'S HAWAIIAN CAFE,"CHOWNOW, VANCOUVER, WA",,12.99
HALF BROASTED CHICKEN - REGULAR,PATRICK'S HAWAIIAN CAFE,"CHOWNOW, VANCOUVER, WA",,15.99
OVEN ROASTED TURKEY BREAST - REGULAR,PATRICK'S HAWAIIAN CAFE,"CHOWNOW, VANCOUVER, WA",,15.99
MEATLOAF - REGULAR,PATRICK'S HAWAIIAN CAFE,"CHOWNOW, VANCOUVER, WA",,15.99
COUNTRY FRIED STEAK - REGULAR,PATRICK'S HAWAIIAN CAFE,"CHOWNOW, VANCOUVER, WA",,15.99
FLAT IRON STEAK - REGULAR,PATRICK'S HAWAIIAN CAFE,"CHOWNOW, VANCOUVER, WA",,18.99
NY STEAK - REGULAR,PATRICK'S HAWAIIAN CAFE,"CHOWNOW, VANCOUVER, WA",,20.99
CHICKEN PARMESAN - REGULAR,PATRICK'S HAWAIIAN CAFE,"CHOWNOW, VANCOUVER, WA",,15.99
LINGUINI & MEATBALLS - REGULAR,PATRICK'S HAWAIIAN CAFE,"CHOWNOW, VANCOUVER, WA",,14.99
TOMATO BASIL LINGUINE - REGULAR,PATRICK'S HAWAIIAN CAFE,"CHOWNOW, VANCOUVER, WA",,13.99
CHICKEN PENNE - REGULAR,PATRICK'S HAWAIIAN CAFE,"CHOWNOW, VANCOUVER, WA",,14.99
CHICKEN LINGUINE - REGULAR,PATRICK'S HAWAIIAN CAFE,"CHOWNOW, VANCOUVER, WA",,14.99
DRUNKEN SHRIMP PASTA - REGULAR,PATRICK'S HAWAIIAN CAFE,"CHOWNOW, VANCOUVER, WA",,16.99
CHICKEN PASTA PRIMAVERA - REGULAR,PATRICK'S HAWAIIAN CAFE,"CHOWNOW, VANCOUVER, WA",,14.99
MEATY BABY BACK RIBS - HALF RACK,PATRICK'S HAWAIIAN CAFE,"CHOWNOW, VANCOUVER, WA",,19.99
MEATY BABY BACK RIBS - FULL RACK,PATRICK'S HAWAIIAN CAFE,"CHOWNOW, VANCOUVER, WA",,27.99
SLOW SMOKED HALF CHICKEN - REGULAR,PATRICK'S HAWAIIAN CAFE,"CHOWNOW, VANCOUVER, WA",,16.99
DRY RUBBED TRI TIP - REGULAR,PATRICK'S HAWAIIAN CAFE,"CHOWNOW, VANCOUVER, WA",,16.99
COWBOY SIZED TRI TIP SANDWICH - REGULAR,PATRICK'S HAWAIIAN CAFE,"CHOWNOW, VANCOUVER, WA",,15.99
PULLED PORK SANDWICH - REGULAR,PATRICK'S HAWAIIAN CAFE,"CHOWNOW, VANCOUVER, WA",,12.99
BBQ BRISKET - REGULAR,PATRICK'S HAWAIIAN CAFE,"CHOWNOW, VANCOUVER, WA",,16.99
ENGLISH STYLE FISH N' BATTER - REGULAR,PATRICK'S HAWAIIAN CAFE,"CHOWNOW, VANCOUVER, WA",,15.99
FRIED SHRIMP - REGULAR,PATRICK'S HAWAIIAN CAFE,"CHOWNOW, VANCOUVER, WA",,16.99
FRESH TILAPIA - REGULAR,PATRICK'S HAWAIIAN CAFE,"CHOWNOW, VANCOUVER, WA",,15.99
ALASKAN SALMON - REGULAR,PATRICK'S HAWAIIAN CAFE,"CHOWNOW, VANCOUVER, WA",,18.99
FRENCH FRIES - REGULAR,PATRICK'S HAWAIIAN CAFE,"CHOWNOW, VANCOUVER, WA",,3.99
SWEET POTATO FRIES - REGULAR,PATRICK'S HAWAIIAN CAFE,"CHOWNOW, VANCOUVER, WA",,4.99
FRESHLY MADE POTATO CHIPS - REGULAR,PATRICK'S HAWAIIAN CAFE,"CHOWNOW, VANCOUVER, WA",,3.99
COLESLAW - REGULAR,PATRICK'S HAWAIIAN CAFE,"CHOWNOW, VANCOUVER, WA",,3.50
POTATO SALAD - REGULAR,PATRICK'S HAWAIIAN CAFE,"CHOWNOW, VANCOUVER, WA",,3.50
GARLIC MASHED POTATOES - REGULAR,PATRICK'S HAWAIIAN CAFE,"CHOWNOW, VANCOUVER, WA",,3.99
RICE PILAF - REGULAR,PATRICK'S HAWAIIAN CAFE,"CHOWNOW, VANCOUVER, WA",,3.50
BBQ BEANS - REGULAR,PATRICK'S HAWAIIAN CAFE,"CHOWNOW, VANCOUVER, WA",,3.50
FRESH FRUIT - REGULAR,PATRICK'S HAWAIIAN CAFE,"CHOWNOW, VANCOUVER, WA",,3.99
MAC & CHEESE - REGULAR,PATRICK'S HAWAIIAN CAFE,"CHOWNOW, VANCOUVER, WA",,3.99
SODA - REGULAR,PATRICK'S HAWAIIAN CAFE,"CHOWNOW, VANCOUVER, WA",,3.15
COFFEE - REGULAR,PATRICK'S HAWAIIAN CAFE,"CHOWNOW, VANCOUVER, WA",,3.15
HOT CHOCOLATE - REGULAR,PATRICK'S HAWAIIAN CAFE,"CHOWNOW, VANCOUVER, WA",,3.15
ICED TEA - REGULAR,PATRICK'S HAWAIIAN CAFE,"CHOWNOW, VANCOUVER, WA",,3.15
HOT TEA - REGULAR,PATRICK'S HAWAIIAN CAFE,"CHOWNOW, VANCOUVER, WA",,3.15
BOTTLED WATER - REGULAR,PATRICK'S HAWAIIAN CAFE,"CHOWNOW, VANCOUVER, WA",,3.15
PELLEGRINO - REGULAR,PATRICK'S HAWAIIAN CAFE,"CHOWNOW, VANCOUVER, WA",,3.15
PARTY SIZED BBQ PLATTER - REGULAR,PATRICK'S HAWAIIAN CAFE,"CHOWNOW, VANCOUVER, WA",,65.99
BREAKFAST DE-LITE - REGULAR,PATRICK'S HAWAIIAN CAFE,"CHOWNOW, VANCOUVER, WA",,39.90
YOGURT PARFAIT - REGULAR,PATRICK'S HAWAIIAN CAFE,"CHOWNOW, VANCOUVER, WA",,79.50
THE CONTINENTAL BREAKFAST - REGULAR,PATRICK'S HAWAIIAN CAFE,"CHOWNOW, VANCOUVER, WA",,79.50
BELGIAN WAFFLE & OR SWEET BUTTERMILK PANCAKES - REGULAR,PATRICK'S HAWAIIAN CAFE,"CHOWNOW, VANCOUVER, WA",,99.90
THE FULL BREAKFAST - REGULAR,PATRICK'S HAWAIIAN CAFE,"CHOWNOW, VANCOUVER, WA",,89.50
BREAKFAST BURRITOS - REGULAR,PATRICK'S HAWAIIAN CAFE,"CHOWNOW, VANCOUVER, WA",,89.50
CROISSANT BREAKFAST SANDWICH - REGULAR,PATRICK'S HAWAIIAN CAFE,"CHOWNOW, VANCOUVER, WA",,89.90
LOX PLATTER - REGULAR,PATRICK'S HAWAIIAN CAFE,"CHOWNOW, VANCOUVER, WA",,149.90
BUFFALO WING PLATTER - REGULAR,PATRICK'S HAWAIIAN CAFE,"CHOWNOW, VANCOUVER, WA",,69.95
BREADED CHICKEN TENDERS - REGULAR,PATRICK'S HAWAIIAN CAFE,"CHOWNOW, VANCOUVER, WA",,79.95
CAJUN CHICKEN TENDERS - REGULAR,PATRICK'S HAWAIIAN CAFE,"CHOWNOW, VANCOUVER, WA",,69.95
POTATO SKINS - REGULAR,PATRICK'S HAWAIIAN CAFE,"CHOWNOW, VANCOUVER, WA",,60.00
SHRIMP COCKTAIL - REGULAR,PATRICK'S HAWAIIAN CAFE,"CHOWNOW, VANCOUVER, WA",,55.00
SWEET & SOUR MEATBALLS - REGULAR,PATRICK'S HAWAIIAN CAFE,"CHOWNOW, VANCOUVER, WA",,39.95
FRUIT BOWL OR PLATTER - MEDIUM (SERVES 20),PATRICK'S HAWAIIAN CAFE,"CHOWNOW, VANCOUVER, WA",,29.95
FRUIT BOWL OR PLATTER - LARGE (SERVES 35),PATRICK'S HAWAIIAN CAFE,"CHOWNOW, VANCOUVER, WA",,59.95
POTATO SALAD - REGULAR,PATRICK'S HAWAIIAN CAFE,"CHOWNOW, VANCOUVER, WA",,35.00
COLESLAW - REGULAR,PATRICK'S HAWAIIAN CAFE,"CHOWNOW, VANCOUVER, WA",,35.00
FRESH SEASONED GRILLED VEGETABLES - REGULAR,PATRICK'S HAWAIIAN CAFE,"CHOWNOW, VANCOUVER, WA",,39.00
GARLIC ROASTED RED POTATOES - REGULAR,PATRICK'S HAWAIIAN CAFE,"CHOWNOW, VANCOUVER, WA",,45.00
GARLIC MASHED POTATOES WITH BROWN GRAVY - REGULAR,PATRICK'S HAWAIIAN CAFE,"CHOWNOW, VANCOUVER, WA",,39.00
RICE PILAF OR MEXICAN RICE - REGULAR,PATRICK'S HAWAIIAN CAFE,"CHOWNOW, VANCOUVER, WA",,39.00
FRESH VEGETABLE PLATTER - REGULAR,PATRICK'S HAWAIIAN CAFE,"CHOWNOW, VANCOUVER, WA",,39.00
FRESH GUACAMOLE & CHIP TRAY - REGULAR,PATRICK'S HAWAIIAN CAFE,"CHOWNOW, VANCOUVER, WA",,60.00
CHIPS & SALSA - REGULAR,PATRICK'S HAWAIIAN CAFE,"CHOWNOW, VANCOUVER, WA",,30.00
MAC & CHEESE - REGULAR,PATRICK'S HAWAIIAN CAFE,"CHOWNOW, VANCOUVER, WA",,49.00
ASSORTED CHEESE - REGULAR,PATRICK'S HAWAIIAN CAFE,"CHOWNOW, VANCOUVER, WA",,50.00
BAKED BBQ BEANS - REGULAR,PATRICK'S HAWAIIAN CAFE,"CHOWNOW, VANCOUVER, WA",,39.00
SOUTHWEST CHIPOTLE CHICKEN SALAD - REGULAR,PATRICK'S HAWAIIAN CAFE,"CHOWNOW, VANCOUVER, WA",,79.90
ASIAN CHICKEN SALAD - REGULAR,PATRICK'S HAWAIIAN CAFE,"CHOWNOW, VANCOUVER, WA",,79.90
COBB SALAD - REGULAR,PATRICK'S HAWAIIAN CAFE,"CHOWNOW, VANCOUVER, WA",,79.90
ITALIAN CHOPPED SALAD - REGULAR,PATRICK'S HAWAIIAN CAFE,"CHOWNOW, VANCOUVER, WA",,79.90
GREEK SALAD - REGULAR,PATRICK'S HAWAIIAN CAFE,"CHOWNOW, VANCOUVER, WA",,69.90
CHICKEN SPINACH SALAD - REGULAR,PATRICK'S HAWAIIAN CAFE,"CHOWNOW, VANCOUVER, WA",,79.90
GARDEN SALAD - REGULAR,PATRICK'S HAWAIIAN CAFE,"CHOWNOW, VANCOUVER, WA",,45.00
CAESAR SALAD - REGULAR,PATRICK'S HAWAIIAN CAFE,"CHOWNOW, VANCOUVER, WA",,45.00
COVID-19 NOTICE - REGULAR,PATRICK'S HAWAIIAN CAFE,"CHOWNOW, VANCOUVER, WA",,0.00
PARTY DELI SANDWICH TRAY - REGULAR,PATRICK'S HAWAIIAN CAFE,"CHOWNOW, VANCOUVER, WA",,99.50
DELI MINI SANDWICH PLATTER - REGULAR,PATRICK'S HAWAIIAN CAFE,"CHOWNOW, VANCOUVER, WA",,89.50
BOX LUNCHES - REGULAR,PATRICK'S HAWAIIAN CAFE,"CHOWNOW, VANCOUVER, WA",,129.50
BBQ TRI TIP SANDWICH (SERVED ON AN 8 INCH  FRENCH ROLL) - 5 SANDWICHES,PATRICK'S HAWAIIAN CAFE,"CHOWNOW, VANCOUVER, WA",,55.00
BBQ TRI TIP SANDWICH (SERVED ON AN 8 INCH  FRENCH ROLL) - 10 SANDWICHES,PATRICK'S HAWAIIAN CAFE,"CHOWNOW, VANCOUVER, WA",,110.00
BBQ PULLED PORK SANDWICH (SERVED ON AN 8 INCH  FRENCH ROLL) - 5 SANDWICHES,PATRICK'S HAWAIIAN CAFE,"CHOWNOW, VANCOUVER, WA",,50.00
BBQ PULLED PORK SANDWICH (SERVED ON AN 8 INCH  FRENCH ROLL) - 10 SANDWICHES,PATRICK'S HAWAIIAN CAFE,"CHOWNOW, VANCOUVER, WA",,100.00
SLIDERS - 20 EACH,PATRICK'S HAWAIIAN CAFE,"CHOWNOW, VANCOUVER, WA",,50.00
SLIDERS - 50 EACH,PATRICK'S HAWAIIAN CAFE,"CHOWNOW, VANCOUVER, WA",,125.00
SOUTHWEST CHIPOTLE CHICKEN WRAP - REGULAR,PATRICK'S HAWAIIAN CAFE,"CHOWNOW, VANCOUVER, WA",,99.50
STEAK OR GRILLED CHICKEN WRAP - REGULAR,PATRICK'S HAWAIIAN CAFE,"CHOWNOW, VANCOUVER, WA",,99.50
COBB WRAP - REGULAR,PATRICK'S HAWAIIAN CAFE,"CHOWNOW, VANCOUVER, WA",,99.50
VEGGIE CHEESE WRAP - REGULAR,PATRICK'S HAWAIIAN CAFE,"CHOWNOW, VANCOUVER, WA",,99.50
TACO BAR - REGULAR,PATRICK'S HAWAIIAN CAFE,"CHOWNOW, VANCOUVER, WA",,109.50
BROASTED CHICKEN - REGULAR,PATRICK'S HAWAIIAN CAFE,"CHOWNOW, VANCOUVER, WA",,110.00
MEATLOAF - REGULAR,PATRICK'S HAWAIIAN CAFE,"CHOWNOW, VANCOUVER, WA",,100.00
CHOICE ANGUS STEAK OR CHICKEN STIR FRY - REGULAR,PATRICK'S HAWAIIAN CAFE,"CHOWNOW, VANCOUVER, WA",,110.00
MEAT OR VEGETABLE LASAGNA - REGULAR,PATRICK'S HAWAIIAN CAFE,"CHOWNOW, VANCOUVER, WA",,110.00
OVEN ROASTED TURKEY BREAST DINNER - REGULAR,PATRICK'S HAWAIIAN CAFE,"CHOWNOW, VANCOUVER, WA",,120.00
CHICKEN PENNE PASTA - REGULAR,PATRICK'S HAWAIIAN CAFE,"CHOWNOW, VANCOUVER, WA",,109.90
BBQ HALF CHICKEN - REGULAR,PATRICK'S HAWAIIAN CAFE,"CHOWNOW, VANCOUVER, WA",,129.90
TRI TIP OR BRISKET - REGULAR,PATRICK'S HAWAIIAN CAFE,"CHOWNOW, VANCOUVER, WA",,139.90
BABY BACK RIBS | HALF RACK - REGULAR,PATRICK'S HAWAIIAN CAFE,"CHOWNOW, VANCOUVER, WA",,139.90
BABY BACK RIBS - 4 FULL RACKS (10 PEOPLE),PATRICK'S HAWAIIAN CAFE,"CHOWNOW, VANCOUVER, WA",,75.00
BABY BACK RIBS - 8 FULL RACKS (20 PEOPLE),PATRICK'S HAWAIIAN CAFE,"CHOWNOW, VANCOUVER, WA",,150.00
PULLED PORK - 4 LBS. (10 PEOPLE),PATRICK'S HAWAIIAN CAFE,"CHOWNOW, VANCOUVER, WA",,60.00
PULLED PORK - 8 LBS. (20 PEOPLE),PATRICK'S HAWAIIAN CAFE,"CHOWNOW, VANCOUVER, WA",,115.00
SMOKED BRISKET - 5 LBS. (10 PEOPLE),PATRICK'S HAWAIIAN CAFE,"CHOWNOW, VANCOUVER, WA",,75.00
SMOKED BRISKET - 10 LBS. (20 PEOPLE),PATRICK'S HAWAIIAN CAFE,"CHOWNOW, VANCOUVER, WA",,145.00
CHOICE ANGUS TRI TIP - 5 LBS. (10 PEOPLE),PATRICK'S HAWAIIAN CAFE,"CHOWNOW, VANCOUVER, WA",,75.00
CHOICE ANGUS TRI TIP - 10 LBS. (20 PEOPLE),PATRICK'S HAWAIIAN CAFE,"CHOWNOW, VANCOUVER, WA",,150.00
BBQ CHICKEN CUT IN 8 PIECES - 4 WHOLE CHICKENS (10 PEOPLE),PATRICK'S HAWAIIAN CAFE,"CHOWNOW, VANCOUVER, WA",,50.00
BBQ CHICKEN CUT IN 8 PIECES - 8 WHOLE CHICKENS (20 PEOPLE),PATRICK'S HAWAIIAN CAFE,"CHOWNOW, VANCOUVER, WA",,50.00
BROASTED CHICKEN - 50 PIECES,PATRICK'S HAWAIIAN CAFE,"CHOWNOW, VANCOUVER, WA",,120.00
BROASTED CHICKEN - 100 PIECES,PATRICK'S HAWAIIAN CAFE,"CHOWNOW, VANCOUVER, WA",,210.00
PENNE PASTA WITH CHICKEN PRIMAVERA - 10 PEOPLE,PATRICK'S HAWAIIAN CAFE,"CHOWNOW, VANCOUVER, WA",,80.00
PENNE PASTA WITH CHICKEN PRIMAVERA - 20 PEOPLE,PATRICK'S HAWAIIAN CAFE,"CHOWNOW, VANCOUVER, WA",,150.00
BEYOND VEGAN BURGER - REGULAR,PATRICK'S HAWAIIAN CAFE,"CHOWNOW, VANCOUVER, WA",,109.90
STIR FRY - REGULAR,PATRICK'S HAWAIIAN CAFE,"CHOWNOW, VANCOUVER, WA",,89.50
VEGETABLE KABOBS - REGULAR,PATRICK'S HAWAIIAN CAFE,"CHOWNOW, VANCOUVER, WA",,89.50
PENNE PASTA PRIMAVERA - REGULAR,PATRICK'S HAWAIIAN CAFE,"CHOWNOW, VANCOUVER, WA",,89.50
NATURAL GRILLED CHICKEN BREAST - REGULAR,PATRICK'S HAWAIIAN CAFE,"CHOWNOW, VANCOUVER, WA",,129.90
SALMON FILET - REGULAR,PATRICK'S HAWAIIAN CAFE,"CHOWNOW, VANCOUVER, WA",,159.90
8 OZ. ANGUS FLAT IRON STEAK - REGULAR,PATRICK'S HAWAIIAN CAFE,"CHOWNOW, VANCOUVER, WA",,139.90
DRY RUB HALF RACK BABY BACK RIBS - REGULAR,PATRICK'S HAWAIIAN CAFE,"CHOWNOW, VANCOUVER, WA",,139.90
TURKEY DINNER - REGULAR,PATRICK'S HAWAIIAN CAFE,"CHOWNOW, VANCOUVER, WA",,129.90
TRI TIP - REGULAR,PATRICK'S HAWAIIAN CAFE,"CHOWNOW, VANCOUVER, WA",,139.90
CHICKEN SPINACH SALAD - SERVES 10 PEOPLE,PATRICK'S HAWAIIAN CAFE,"CHOWNOW, VANCOUVER, WA",,45.00
CHICKEN SPINACH SALAD - SERVES 20 PEOPLE,PATRICK'S HAWAIIAN CAFE,"CHOWNOW, VANCOUVER, WA",,80.00
FRESH BAKED COOKIES - REGULAR,PATRICK'S HAWAIIAN CAFE,"CHOWNOW, VANCOUVER, WA",,15.00
ASSORTED MUFFINS - REGULAR,PATRICK'S HAWAIIAN CAFE,"CHOWNOW, VANCOUVER, WA",,2.50
LARGE CINNAMON ROLLS - REGULAR,PATRICK'S HAWAIIAN CAFE,"CHOWNOW, VANCOUVER, WA",,2.95
FRESH BAKED ROCKSLIDE BROWNIES - REGULAR,PATRICK'S HAWAIIAN CAFE,"CHOWNOW, VANCOUVER, WA",,2.95
CARROT CAKE - REGULAR,PATRICK'S HAWAIIAN CAFE,"CHOWNOW, VANCOUVER, WA",,40.00
CHOCOLATE CAKE - REGULAR,PATRICK'S HAWAIIAN CAFE,"CHOWNOW, VANCOUVER, WA",,55.00
RED VELVET CAKE - REGULAR,PATRICK'S HAWAIIAN CAFE,"CHOWNOW, VANCOUVER, WA",,55.00
BLUEBERRY WHITE CHOCOLATE CHEESECAKE - REGULAR,PATRICK'S HAWAIIAN CAFE,"CHOWNOW, VANCOUVER, WA",,50.00
